en     nevals  pop                                                     hof                 avg                                                                 std                                                                min                                                                      max                                                                
0       3       [[3, 5, 4, 4, 1], [1, 2, 1, 0, 4], [2, 0, 1, 2, 3]]     [[2, 0, 1, 2, 3]]   [0.98434965 0.98441575 0.98433026 0.98883561 0.98007067 0.99686948] [0.00653211 0.00652474 0.00653184 0.00742875 0.00570835 0.00131502][0.97538118 0.97545354 0.97536314 0.9784321  0.972541   0.99507045]      [0.9907516  0.99079884 0.99073486 0.9953042  0.98635662 0.99817706]
1       0       [[2, 0, 1, 2, 3], [1, 2, 1, 0, 4], [3, 5, 4, 4, 1]]     [[2, 0, 1, 2, 3]]   [0.98434965 0.98441575 0.98433026 0.98883561 0.98007067 0.99686948] [0.00653211 0.00652474 0.00653184 0.00742875 0.00570835 0.00131502][0.97538118 0.97545354 0.97536314 0.9784321  0.972541   0.99507045]      [0.9907516  0.99079884 0.99073486 0.9953042  0.98635662 0.99817706]
2       0       [[2, 0, 1, 2, 3], [1, 2, 1, 0, 4], [3, 5, 4, 4, 1]]     [[2, 0, 1, 2, 3]]   [0.98434965 0.98441575 0.98433026 0.98883561 0.98007067 0.99686948] [0.00653211 0.00652474 0.00653184 0.00742875 0.00570835 0.00131502][0.97538118 0.97545354 0.97536314 0.9784321  0.972541   0.99507045]      [0.9907516  0.99079884 0.99073486 0.9953042  0.98635662 0.99817706]
3       2       [[2, 0, 1, 2, 4], [1, 2, 1, 0, 3], [3, 5, 4, 4, 1]]     [[2, 0, 1, 2, 3], [2, 0, 1, 2, 4]]  [0.9842658  0.98427938 0.98426893 0.98838153 0.98024543 0.99693625] [0.00648654 0.00642839 0.00650791 0.00711883 0.00579948 0.00139171] [0.97538118 0.97545354 0.97536314 0.9784321  0.972541   0.99507045] [0.99068557 0.99058035 0.99073293 0.9946879  0.98653328 0.99841172]
([[2, 0, 1, 2, 4], [1, 2, 1, 0, 3], [3, 5, 4, 4, 1]], [{'gen': 0, 'nevals': 3, 'pop': [[2, 0, 1, 2, 4], [1, 2, 1, 0, 3], [3, 5, 4, 4, 1]], 'hof': <deap.tools.support.ParetoFront object at 0x7fcff290eb20>, 'avg': array([0.98434965, 0.98441575, 0.98433026, 0.98883561, 0.98007067,
       0.99686948]), 'std': array([0.00653211, 0.00652474, 0.00653184, 0.00742875, 0.00570835,
       0.00131502]), 'min': array([0.97538118, 0.97545354, 0.97536314, 0.9784321 , 0.972541  ,
       0.99507045]), 'max': array([0.9907516 , 0.99079884, 0.99073486, 0.9953042 , 0.98635662,
       0.99817706])}, {'gen': 1, 'nevals': 0, 'pop': [[2, 0, 1, 2, 4], [1, 2, 1, 0, 3], [3, 5, 4, 4, 1]], 'hof': <deap.tools.support.ParetoFront object at 0x7fcff290eb20>, 'avg': array([0.98434965, 0.98441575, 0.98433026, 0.98883561, 0.98007067,
       0.99686948]), 'std': array([0.00653211, 0.00652474, 0.00653184, 0.00742875, 0.00570835,
       0.00131502]), 'min': array([0.97538118, 0.97545354, 0.97536314, 0.9784321 , 0.972541  ,
       0.99507045]), 'max': array([0.9907516 , 0.99079884, 0.99073486, 0.9953042 , 0.98635662,
       0.99817706])}, {'gen': 2, 'nevals': 0, 'pop': [[2, 0, 1, 2, 4], [1, 2, 1, 0, 3], [3, 5, 4, 4, 1]], 'hof': <deap.tools.support.ParetoFront object at 0x7fcff290eb20>, 'avg': array([0.98434965, 0.98441575, 0.98433026, 0.98883561, 0.98007067,
       0.99686948]), 'std': array([0.00653211, 0.00652474, 0.00653184, 0.00742875, 0.00570835,
       0.00131502]), 'min': array([0.97538118, 0.97545354, 0.97536314, 0.9784321 , 0.972541  ,
       0.99507045]), 'max': array([0.9907516 , 0.99079884, 0.99073486, 0.9953042 , 0.98635662,
       0.99817706])}, {'gen': 3, 'nevals': 2, 'pop': [[2, 0, 1, 2, 4], [1, 2, 1, 0, 3], [3, 5, 4, 4, 1]], 'hof': <deap.tools.support.ParetoFront object at 0x7fcff290eb20>, 'avg': array([0.9842658 , 0.98427938, 0.98426893, 0.98838153, 0.98024543,
       0.99693625]), 'std': array([0.00648654, 0.00642839, 0.00650791, 0.00711883, 0.00579948,
       0.00139171]), 'min': array([0.97538118, 0.97545354, 0.97536314, 0.9784321 , 0.972541  ,
       0.99507045]), 'max': array([0.99068557, 0.99058035, 0.99073293, 0.9946879 , 0.98653328,
       0.99841172])}], <deap.tools.support.ParetoFront object at 0x7fcff290eb20>)